Names of endmembers in the olivine solution:
['Forsterite', 'Fayalite']

Starting to fit user-defined data. Please be patient.
Optimized equation of state:
V_0 (0): (4.358 +/- 0.002) x 1e-05
V_0 (1): (4.627 +/- 0.003) x 1e-05
K_0 (0): (1.27 +/- 0.03) x 1e+11
K_0 (1): (1.32 +/- 0.05) x 1e+11
Kprime_0 (0): (5 +/- 1) x 1e+00
Kprime_0 (1): (5 +/- 2) x 1e+00
V (0,1): (4 +/- 4) x 1e-08

Parameters:
[4.4e-05 4.6e-05 1.3e+11 1.3e+11 4.6e+00 4.5e+00 4.1e-08]

Full covariance matrix:
[[ 4.2e-16  5.2e-17 -1.2e+01  9.2e+00 -2.4e-09  1.8e-09 -5.5e-16]
 [ 5.2e-17  8.5e-16  1.9e+01 -5.3e+01 -1.3e-09  6.5e-09 -9.0e-16]
 [-1.2e+01  1.9e+01  1.2e+19 -9.0e+18 -3.4e+09  2.6e+09 -8.7e+00]
 [ 9.2e+00 -5.3e+01 -9.0e+18  2.1e+19  2.6e+09 -6.2e+09  3.0e+01]
 [-2.4e-09 -1.3e-09 -3.4e+09  2.6e+09  1.3e+00 -9.6e-01  2.6e-09]
 [ 1.8e-09  6.5e-09  2.6e+09 -6.2e+09 -9.6e-01  2.3e+00 -1.0e-08]
 [-5.5e-16 -9.0e-16 -8.7e+00  3.0e+01  2.6e-09 -1.0e-08  2.0e-15]]

Goodness of fit:
1.8439650297412358


Removing 1 outliers (at the 99.0% confidence interval) and refitting. Please wait just a little longer.
Optimized equation of state:
V_0 (0): (4.359 +/- 0.002) x 1e-05
V_0 (1): (4.628 +/- 0.002) x 1e-05
K_0 (0): (1.27 +/- 0.03) x 1e+11
K_0 (1): (1.30 +/- 0.04) x 1e+11
Kprime_0 (0): (5 +/- 1) x 1e+00
Kprime_0 (1): (5 +/- 1) x 1e+00
V (0,1): (1 +/- 4) x 1e-08

Parameters:
[4.4e-05 4.6e-05 1.3e+11 1.3e+11 4.8e+00 5.2e+00 1.0e-08]

Full covariance matrix:
[[ 3.0e-16  3.8e-17 -8.9e+00  6.4e+00 -1.7e-09  1.4e-09 -3.9e-16]
 [ 3.8e-17  6.1e-16  1.3e+01 -3.6e+01 -6.4e-10  4.1e-09 -6.5e-16]
 [-8.9e+00  1.3e+01  8.2e+18 -6.2e+18 -2.4e+09  1.9e+09 -5.6e+00]
 [ 6.4e+00 -3.6e+01 -6.2e+18  1.4e+19  1.8e+09 -4.4e+09  2.1e+01]
 [-1.7e-09 -6.4e-10 -2.4e+09  1.8e+09  9.3e-01 -7.0e-01  1.7e-09]
 [ 1.4e-09  4.1e-09  1.9e+09 -4.4e+09 -7.0e-01  1.7e+00 -7.6e-09]
 [-3.9e-16 -6.5e-16 -5.6e+00  2.1e+01  1.7e-09 -7.6e-09  1.5e-15]]

Goodness of fit:
1.3163417461715088


