Names of endmembers in the olivine solution:
['Forsterite', 'Fayalite']

Starting to fit user-defined data. Please be patient.
Optimized equation of state:
V_0 (0): (4.358 +/- 0.002) x 1e-05
V_0 (1): (4.627 +/- 0.003) x 1e-05
K_0 (0): (1.27 +/- 0.02) x 1e+11
K_0 (1): (1.34 +/- 0.03) x 1e+11
Kprime_0 (0): (5.0 +/- 0.6) x 1e+00
Kprime_0 (1): (4 +/- 1) x 1e+00
G_0 (0): (8.1 +/- 0.3) x 1e+10
G_0 (1): (5.2 +/- 0.2) x 1e+10
V (0,1): (5 +/- 4) x 1e-08

Parameters:
[4.4e-05 4.6e-05 1.3e+11 1.3e+11 5.0e+00 3.6e+00 8.1e+10 5.2e+10 4.8e-08]

Full covariance matrix:
[[ 3.7e-16  4.5e-17 -1.6e+01  1.3e+01 -3.4e-10 -5.3e-10  1.3e+01 -5.7e+00
  -4.8e-16]
 [ 4.5e-17  7.6e-16  1.5e+01 -4.1e+01 -3.8e-10  4.4e-09 -1.2e+01  1.6e+01
  -7.9e-16]
 [-1.6e+01  1.5e+01  5.2e+18 -3.7e+18 -1.0e+09  8.7e+08 -3.9e+18  7.3e+17
  -1.6e+00]
 [ 1.3e+01 -4.1e+01 -3.7e+18  1.0e+19  6.4e+08 -2.7e+09  1.9e+18 -3.1e+17
   1.0e+01]
 [-3.4e-10 -3.8e-10 -1.0e+09  6.4e+08  3.9e-01 -2.7e-01  6.9e+08  2.9e+07
  -1.1e-10]
 [-5.3e-10  4.4e-09  8.7e+08 -2.7e+09 -2.7e-01  1.1e+00 -6.8e+07 -9.1e+08
  -3.5e-09]
 [ 1.3e+01 -1.2e+01 -3.9e+18  1.9e+18  6.9e+08 -6.8e+07  8.6e+18 -2.8e+18
  -1.1e+00]
 [-5.7e+00  1.6e+01  7.3e+17 -3.1e+17  2.9e+07 -9.1e+08 -2.8e+18  4.8e+18
   1.4e+00]
 [-4.8e-16 -7.9e-16 -1.6e+00  1.0e+01 -1.1e-10 -3.5e-09 -1.1e+00  1.4e+00
   1.8e-15]]

Goodness of fit:
1.6502959760641136


Removing 1 outliers (at the 99.0% confidence interval) and refitting. Please wait just a little longer.
Optimized equation of state:
V_0 (0): (4.358 +/- 0.002) x 1e-05
V_0 (1): (4.628 +/- 0.002) x 1e-05
K_0 (0): (1.26 +/- 0.02) x 1e+11
K_0 (1): (1.33 +/- 0.03) x 1e+11
Kprime_0 (0): (5.1 +/- 0.5) x 1e+00
Kprime_0 (1): (3.8 +/- 0.7) x 1e+00
G_0 (0): (8.1 +/- 0.3) x 1e+10
G_0 (1): (5.2 +/- 0.2) x 1e+10
V (0,1): (2 +/- 4) x 1e-08

Parameters:
[4.4e-05 4.6e-05 1.3e+11 1.3e+11 5.1e+00 3.8e+00 8.1e+10 5.2e+10 1.9e-08]

Full covariance matrix:
[[ 2.8e-16  3.5e-17 -1.1e+01  9.5e+00 -2.4e-10 -2.7e-10  9.7e+00 -4.2e+00
  -3.6e-16]
 [ 3.5e-17  5.6e-16  1.1e+01 -3.0e+01 -2.6e-10  2.5e-09 -8.8e+00  1.2e+01
  -5.9e-16]
 [-1.1e+01  1.1e+01  3.9e+18 -2.7e+18 -7.7e+08  5.0e+08 -2.9e+18  5.3e+17
  -1.0e+00]
 [ 9.5e+00 -3.0e+01 -2.7e+18  7.5e+18  4.8e+08 -1.5e+09  1.4e+18 -2.2e+17
   8.1e+00]
 [-2.4e-10 -2.6e-10 -7.7e+08  4.8e+08  2.9e-01 -1.6e-01  5.1e+08  2.2e+07
  -1.5e-10]
 [-2.7e-10  2.5e-09  5.0e+08 -1.5e+09 -1.6e-01  4.9e-01 -3.4e+07 -5.2e+08
  -2.1e-09]
 [ 9.7e+00 -8.8e+00 -2.9e+18  1.4e+18  5.1e+08 -3.4e+07  6.4e+18 -2.1e+18
  -1.1e+00]
 [-4.2e+00  1.2e+01  5.3e+17 -2.2e+17  2.2e+07 -5.2e+08 -2.1e+18  3.5e+18
   1.2e+00]
 [-3.6e-16 -5.9e-16 -1.0e+00  8.1e+00 -1.5e-10 -2.1e-09 -1.1e+00  1.2e+00
   1.3e-15]]

Goodness of fit:
1.2211058859453177


